{
    "Core": {
        "result_name": "multi",
        "show_price": true
    },
    "Market": {
        "Structure": {
            "market_type": "call",
            "interest_rate": 0.0004,
            "interest_period": 1,
            "clear_period": 200,
            "transaction_rate": 0.002,
            "prestep": 100,
            "order_capacity": 200
        },
        "Securities": {
            "TSMC": {
                "value": 100,
                "dividend_ratio": 0.1,
                "dividend_ar": 0.95,
                "dividend_var": 0.0743,
                "dividend_period": 100
            }
        }
    },
    "Agent": {
        "Global": {
            "cash": 1000000,
            "alpha": 2,
            "risk_preference_mean": 0,
            "risk_preference_var": 1,
            "securities": {
                "TSMC": 100
            }
        },
        "ScalingAgent": [
            {
                "name": "sc_opt",
                "type": "optimistic",
                "number": 125,
                "range_of_price": 10,
                "range_of_quantity": 0.1
            },
            {
                "name": "sc_pes",
                "type": "pessimistic",
                "number": 125,
                "range_of_price": 10,
                "range_of_quantity": 0.1
            },
            {
                "name": "sc_fud",
                "type": "fundamentalist",
                "number": 250,
                "range_of_price": 10,
                "range_of_quantity": 0.1
            }
        ],
        "RLAgent": [
            {
                "name": "ppo_sc",
                "type": "scale",
                "algorithm": "ppo",
                "number": 100,
                "min_look_back": 2,
                "max_look_back": 100,
                "look_backs": [
                    40,
                    46,
                    16,
                    43,
                    35,
                    61,
                    63,
                    46,
                    86,
                    84,
                    23,
                    20,
                    37,
                    39,
                    47,
                    75,
                    41,
                    4,
                    78,
                    61,
                    59,
                    12,
                    98,
                    45,
                    76,
                    81,
                    56,
                    88,
                    49,
                    14,
                    26,
                    88,
                    91,
                    65,
                    59,
                    76,
                    82,
                    86,
                    26,
                    35,
                    14,
                    86,
                    39,
                    88,
                    93,
                    93,
                    58,
                    15,
                    30,
                    70,
                    51,
                    15,
                    50,
                    70,
                    35,
                    86,
                    18,
                    18,
                    31,
                    12,
                    54,
                    98,
                    98,
                    27,
                    20,
                    97,
                    92,
                    47,
                    33,
                    78,
                    43,
                    14,
                    68,
                    69,
                    68,
                    60,
                    87,
                    28,
                    82,
                    99,
                    81,
                    96,
                    11,
                    43,
                    89,
                    2,
                    70,
                    97,
                    57,
                    33,
                    14,
                    75,
                    2,
                    38,
                    88,
                    98,
                    31,
                    4,
                    25,
                    49
                ],
                "weight_wealth": [
                    [
                        0.1767613451280875,
                        0.18144466857077568,
                        0.21696851843881726,
                        0.42482546786231945
                    ],
                    [
                        0.18234595696704226,
                        0.2639245900164708,
                        0.23741895049140085,
                        0.316310502525086
                    ],
                    [
                        0.2551222140845993,
                        0.40235831998445143,
                        0.13090532578954012,
                        0.21161414014140917
                    ],
                    [
                        0.3024003556566628,
                        0.2521348906429122,
                        0.2756139705082447,
                        0.1698507831921804
                    ],
                    [
                        0.23064882452255195,
                        0.29042807264667025,
                        0.1731716862242089,
                        0.3057514166065689
                    ],
                    [
                        0.06275564252218296,
                        0.4675192422658677,
                        0.441502727784477,
                        0.028222387427472014
                    ],
                    [
                        0.3047398450744367,
                        0.20320009577634499,
                        0.20433520356018886,
                        0.28772485558902944
                    ],
                    [
                        0.04573381057092941,
                        0.1959818535690823,
                        0.6277744684934455,
                        0.1305098673665428
                    ],
                    [
                        0.14389105127186047,
                        0.10451518409468175,
                        0.3277526290946007,
                        0.4238411355388571
                    ],
                    [
                        0.219647058252739,
                        0.2922489343563095,
                        0.1791302462684283,
                        0.3089737611225233
                    ],
                    [
                        0.06380248568666012,
                        0.49464404872131335,
                        0.014913007420479752,
                        0.42664045817154683
                    ],
                    [
                        0.0716416107352145,
                        0.14372399111710701,
                        0.4322047211184744,
                        0.3524296770292041
                    ],
                    [
                        0.3568680278104949,
                        0.18837352268822496,
                        0.21400702306027436,
                        0.24075142644100572
                    ],
                    [
                        0.11495806345953537,
                        0.4006934233148381,
                        0.17962419021884016,
                        0.30472432300678637
                    ],
                    [
                        0.1941447542884059,
                        0.15835013924303656,
                        0.3232538010494143,
                        0.32425130541914327
                    ],
                    [
                        0.16795633033772248,
                        0.11479255695175264,
                        0.14370428712222483,
                        0.5735468255883001
                    ],
                    [
                        0.07647943918796381,
                        0.3180509587369816,
                        0.47487499231656655,
                        0.13059460975848816
                    ],
                    [
                        0.5327212820624287,
                        0.10921935466613772,
                        0.202280152027205,
                        0.15577921124422844
                    ],
                    [
                        0.5158742163138943,
                        0.24015265380298131,
                        0.11308823103827313,
                        0.13088489884485122
                    ],
                    [
                        0.20046747839688245,
                        0.1682029136593125,
                        0.359419700594837,
                        0.27190990734896797
                    ],
                    [
                        0.04635854177408215,
                        0.17668156457472975,
                        0.4103302209223325,
                        0.3666296727288555
                    ],
                    [
                        0.10545661274869227,
                        0.3322403611198369,
                        0.338489927783095,
                        0.2238130983483758
                    ],
                    [
                        0.20968741047621395,
                        0.29933182157463295,
                        0.1744898601005725,
                        0.31649090784858047
                    ],
                    [
                        0.09162971531437294,
                        0.21873550348492177,
                        0.2952396140653105,
                        0.3943951671353949
                    ],
                    [
                        0.29051924795352035,
                        0.2189836642964908,
                        0.3453589809468203,
                        0.14513810680316852
                    ],
                    [
                        0.17117291542226692,
                        0.08566716494978249,
                        0.2779052957251424,
                        0.4652546239028081
                    ],
                    [
                        0.043050419789906355,
                        0.4657439754327466,
                        0.06495472330006646,
                        0.4262508814772805
                    ],
                    [
                        0.29473582677147137,
                        0.4850334370368301,
                        0.15969957466941131,
                        0.060531161522287255
                    ],
                    [
                        0.06542764323340995,
                        0.3522030742454369,
                        0.2943619654575366,
                        0.28800731706361665
                    ],
                    [
                        0.17951833919106547,
                        0.2272750039038985,
                        0.16102163728113403,
                        0.43218501962390204
                    ],
                    [
                        0.14395092581156466,
                        0.5856307690488298,
                        0.20198689489297586,
                        0.06843141024662969
                    ],
                    [
                        0.3589128439262854,
                        0.360713377097939,
                        0.2500723266998534,
                        0.030301452275922198
                    ],
                    [
                        0.12385709198033737,
                        0.1459098024094179,
                        0.43529221882051505,
                        0.2949408867897297
                    ],
                    [
                        0.015823145488667572,
                        0.10420296563228734,
                        0.3379263475551835,
                        0.5420475413238616
                    ],
                    [
                        0.14215974436516143,
                        0.302679645767428,
                        0.3359923666874399,
                        0.2191682431799706
                    ],
                    [
                        0.2686699130349179,
                        0.12647916727033445,
                        0.33247662863659266,
                        0.27237429105815497
                    ],
                    [
                        0.03979258101881322,
                        0.4474612364953063,
                        0.3127441699967877,
                        0.20000201248909288
                    ],
                    [
                        0.05742463900303002,
                        0.3820615707017194,
                        0.2484922306199975,
                        0.31202155967525297
                    ],
                    [
                        0.3177182465344235,
                        0.1710427488868421,
                        0.16360211198728217,
                        0.3476368925914523
                    ],
                    [
                        0.22058907384385523,
                        0.23998163599263764,
                        0.399233660827116,
                        0.14019562933639104
                    ],
                    [
                        0.02893674563377912,
                        0.46580354533976803,
                        0.22775198151780754,
                        0.2775077275086453
                    ],
                    [
                        0.2108291417355858,
                        0.5264389593703924,
                        0.0987114509296661,
                        0.16402044796435564
                    ],
                    [
                        0.1703847198170705,
                        0.28432888357516617,
                        0.2226394033242029,
                        0.32264699328356045
                    ],
                    [
                        0.1889337053479107,
                        0.2319103011721448,
                        0.4777945727704816,
                        0.1013614207094629
                    ],
                    [
                        0.3345932660927471,
                        0.02218411016502986,
                        0.4211776523873333,
                        0.22204497135488996
                    ],
                    [
                        0.033690993361227044,
                        0.3073139142043961,
                        0.14163939382436375,
                        0.5173556986100131
                    ],
                    [
                        0.251437507619888,
                        0.11931449062520175,
                        0.1025659402617821,
                        0.5266820614931281
                    ],
                    [
                        0.02648520777540518,
                        0.3427401364956724,
                        0.3648853649870419,
                        0.26588929074188067
                    ],
                    [
                        0.22294247209265572,
                        0.10390188459065286,
                        0.4590233304740763,
                        0.2141323128426151
                    ],
                    [
                        0.3899619484715407,
                        0.40811020579261476,
                        0.11682486236921444,
                        0.0851029833666302
                    ],
                    [
                        0.20970449026096427,
                        0.23549363095225992,
                        0.28278411717652674,
                        0.27201776161024915
                    ],
                    [
                        0.4490844157795079,
                        0.24204781396206146,
                        0.21065215196854123,
                        0.09821561828988935
                    ],
                    [
                        0.15830091940282526,
                        0.3840348158850981,
                        0.30195338044695735,
                        0.15571088426511917
                    ],
                    [
                        0.25321930155211014,
                        0.18862647683684156,
                        0.2649362090494865,
                        0.2932180125615618
                    ],
                    [
                        0.4225151338587114,
                        0.05121109523429734,
                        0.21115882945870476,
                        0.3151149414482865
                    ],
                    [
                        0.03394424210818649,
                        0.18278256594105452,
                        0.40792746076692604,
                        0.37534573118383296
                    ],
                    [
                        0.09827917797768984,
                        0.3027706504222565,
                        0.05264550500632037,
                        0.5463046665937333
                    ],
                    [
                        0.26255513304959055,
                        0.1001608118891672,
                        0.08287778082191118,
                        0.5544062742393312
                    ],
                    [
                        0.3160575420112882,
                        0.40149073226019,
                        0.03463622358120681,
                        0.2478155021473149
                    ],
                    [
                        0.5736784601444398,
                        0.09132521740882328,
                        0.22941049285488768,
                        0.10558582959184916
                    ],
                    [
                        0.11050631455403528,
                        0.29668560301645347,
                        0.11316224707301531,
                        0.47964583535649585
                    ],
                    [
                        0.22626652686850932,
                        0.22789720313805562,
                        0.22039475588029078,
                        0.3254415141131443
                    ],
                    [
                        0.24514781966954283,
                        0.10535336470349492,
                        0.3287662970369644,
                        0.3207325185899979
                    ],
                    [
                        0.06549890579428917,
                        0.34781009674465196,
                        0.023488068425655727,
                        0.563202929035403
                    ],
                    [
                        0.05209660796422632,
                        0.09061484242680024,
                        0.48265488611790675,
                        0.3746336634910666
                    ],
                    [
                        0.2851868962660602,
                        0.3428678473676058,
                        0.1434429466538208,
                        0.2285023097125132
                    ],
                    [
                        0.10240987274780432,
                        0.007624921022312334,
                        0.14947683711249882,
                        0.7404883691173845
                    ],
                    [
                        0.18790315993042436,
                        0.2904411131430269,
                        0.3475200039107107,
                        0.17413572301583805
                    ],
                    [
                        0.15440947767586924,
                        0.5009881014451361,
                        0.009514360933812915,
                        0.3350880599451817
                    ],
                    [
                        0.1792053029278095,
                        0.06931416185445775,
                        0.3576190663465399,
                        0.39386146887119283
                    ],
                    [
                        0.15753533242772205,
                        0.09393852415491288,
                        0.3947407878547944,
                        0.3537853555625707
                    ],
                    [
                        0.004486861500906274,
                        0.0790492380758731,
                        0.5494760996189478,
                        0.36698780080427285
                    ],
                    [
                        0.294518796914036,
                        0.020628449873404276,
                        0.38711762693393004,
                        0.29773512627862975
                    ],
                    [
                        0.03282328271777834,
                        0.37785444333094564,
                        0.4447198801169881,
                        0.14460239383428783
                    ],
                    [
                        0.4028591530601378,
                        0.18617467934311516,
                        0.06782940092960274,
                        0.3431367666671444
                    ],
                    [
                        0.17900074271765362,
                        0.08340536647771485,
                        0.21868532265262014,
                        0.5189085681520115
                    ],
                    [
                        0.11363692232703705,
                        0.639555614666656,
                        0.012757397936432397,
                        0.2340500650698745
                    ],
                    [
                        0.4263702434029213,
                        0.3641475507198749,
                        0.13157769783941023,
                        0.07790450803779378
                    ],
                    [
                        0.0932726062347343,
                        0.3526834922431772,
                        0.2431506285262953,
                        0.3108932729957931
                    ],
                    [
                        0.3782067430161688,
                        0.44695186889795924,
                        0.02688354971577322,
                        0.1479578383700988
                    ],
                    [
                        0.3291341232131792,
                        0.020629948012127922,
                        0.3058764567371091,
                        0.3443594720375839
                    ],
                    [
                        0.069044265040293,
                        0.30167277675051857,
                        0.17664580686074188,
                        0.45263715134844656
                    ],
                    [
                        0.46614279426169636,
                        0.13525617304685045,
                        0.17862532836377978,
                        0.2199757043276734
                    ],
                    [
                        0.4462970394296281,
                        0.1346513441348012,
                        0.10130286628156979,
                        0.3177487501540009
                    ],
                    [
                        0.23638468760288486,
                        0.5316560347377658,
                        0.20746956227174468,
                        0.024489715387604697
                    ],
                    [
                        0.1440066437957979,
                        0.37155689009805104,
                        0.07219293949509027,
                        0.41224352661106073
                    ],
                    [
                        0.36533339928679476,
                        0.2341655740633238,
                        0.03513707740390138,
                        0.36536394924598004
                    ],
                    [
                        0.24000083194334185,
                        0.18580494763723132,
                        0.2888388023117311,
                        0.2853554181076958
                    ],
                    [
                        0.26623064019766346,
                        0.2475139520196698,
                        0.27443743447772445,
                        0.21181797330494234
                    ],
                    [
                        0.32182210704764047,
                        0.16801024161275316,
                        0.13593690622941254,
                        0.37423074511019383
                    ],
                    [
                        0.3154586078759961,
                        0.013490834225837404,
                        0.4013246704265656,
                        0.26972588747160087
                    ],
                    [
                        0.4454901725403244,
                        0.06522060968639572,
                        0.2890240618369107,
                        0.2002651559363692
                    ],
                    [
                        0.28407019317070703,
                        0.10569801203085016,
                        0.2860175360170764,
                        0.32421425878136656
                    ],
                    [
                        0.3970286377831546,
                        0.11291232249364339,
                        0.46795275710311846,
                        0.022106282620083566
                    ],
                    [
                        0.2884332553525707,
                        0.2354788160463634,
                        0.3596173278251213,
                        0.11647060077594468
                    ],
                    [
                        0.3558886853538094,
                        0.22267325182102,
                        0.10609071606381447,
                        0.31534734676135623
                    ],
                    [
                        0.2790149337261348,
                        0.24346057955121678,
                        0.16579620175812934,
                        0.3117282849645191
                    ],
                    [
                        0.5243021516904682,
                        0.1686110893710675,
                        0.10229010868249085,
                        0.2047966502559735
                    ],
                    [
                        0.07215303220078634,
                        0.622338836610506,
                        0.1737281685078084,
                        0.13177996268089903
                    ],
                    [
                        0.30920486653376766,
                        0.09702421676509332,
                        0.025000710736016316,
                        0.5687702059651226
                    ]
                ]
            }
        ]
    },
    "Env": {}
}